symbols <- c("0001.KL", "0002.KL", "0005.KL", "0006.KL", "0007.KL", "0008.KL", "0009.KL", "0010.KL", "0011.KL", "0012.KL", "0016.KL", "0017.KL", "0018.KL", "0020.KL", "0021.KL", "0022.KL", "0023.KL", "0024.KL", "0025.KL", "0026.KL", "0028.KL", "0029.KL", "0032.KL", "0034.KL", "0035.KL", "0036.KL", "0037.KL", "0038.KL", "0039.KL", "0040.KL", "0041.KL", "0043.KL", "0045.KL", "0047.KL", "0048.KL", "0049.KL", "0050.KL", "0051.KL", "0053.KL", "0054.KL", "0055.KL", "0056.KL", "0058.KL", "0059.KL", "0060.KL", "0064.KL", "0065.KL", "0066.KL", "0068.KL", "0069.KL", "0070.KL", "0072.KL", "0074.KL", "0075.KL", "0078.KL", "0079.KL", "0080.KL", "0081.KL", "0082.KL", "0083.KL", "0084.KL", "0085.KL", "0086.KL", "0089.KL", "0090.KL", "0091.KL", "0092.KL", "0093.KL", "0094.KL", "0095.KL", "0096.KL", "0097.KL", "0098.KL", "0099.KL", "0100.KL", "0101.KL", "0102.KL", "0103.KL", "0104.KL", "0105.KL", "0106.KL", "0107.KL", "0108.KL", "0109.KL", "0110.KL", "0111.KL", "0112.KL", "0113.KL", "0116.KL", "0117.KL", "0118.KL", "0119.KL", "0120.KL", "0122.KL", "0123.KL", "0126.KL", "0127.KL", "0128.KL", "0129.KL", "0131.KL", "0132.KL", "0133.KL", "0135.KL", "0136.KL", "0137.KL", "0138.KL", "0140.KL", "0141.KL", "0143.KL", "0145.KL", "0146.KL", "0147.KL", "0148.KL", "0149.KL", "0150.KL", "0151.KL", "0152.KL", "0153.KL", "0154.KL", "0155.KL", "0156.KL", "0157.KL", "0158.KL", "0159.KL", "0160.KL", "0161.KL", "0162.KL", "0163.KL", "0165.KL", "0166.KL", "0167.KL", "0168.KL", "0169.KL", "0170.KL", "0171.KL", "0172.KL", "0173.KL", "0174.KL", "0175.KL", "0176.KL", "0177.KL", "0178.KL", "0179.KL", "0181.KL", "0400.KL", "0500.KL", "0502.KL", "0522.KL", "0531.KL", "0541.KL", "0546.KL", "0560.KL", "0563.KL", "0565.KL", "0566.KL", "0567.KL", "0569.KL", "0570.KL", "0571.KL", "0572.KL", "0650.KL", "0651.KL", "0655.KL", "0700.KL", "0701.KL", "0703.KL", "0704.KL", "0706.KL", "0707.KL", "0800.KL", "0820.KL", "0821.KL", "0822.KL", "0823.KL", "0824.KL", "0825.KL", "0902.KL", "1007.KL", "1015.KL", "1023.KL", "1058.KL", "1066.KL", "1082.KL", "1147.KL", "1155.KL", "1163.KL", "1171.KL", "1198.KL", "1201.KL", "1287.KL", "1295.KL", "1368.KL", "1481.KL", "1503.KL", "1538.KL", "1562.KL", "1589.KL", "1597.KL", "1619.KL", "1643.KL", "1651.KL", "1694.KL", "1724.KL", "1783.KL", "1818.KL", "1899.KL", "1902.KL", "1929.KL", "1945.KL", "1961.KL", "1996.KL", "2003.KL", "2038.KL", "2054.KL", "2062.KL", "2089.KL", "2097.KL", "2127.KL", "2135.KL", "2143.KL", "2186.KL", "2194.KL", "2208.KL", "2216.KL", "2224.KL", "2259.KL", "2283.KL", "2291.KL", "2305.KL", "2429.KL", "2445.KL", "2453.KL", "2488.KL", "2542.KL", "2569.KL", "2577.KL", "2593.KL", "2607.KL", "2658.KL", "2674.KL", "2682.KL", "2739.KL", "2747.KL", "2755.KL", "2771.KL", "2828.KL", "2836.KL", "2852.KL", "2879.KL", "2887.KL", "2925.KL", "2968.KL", "2976.KL", "2984.KL", "3018.KL", "3026.KL", "3034.KL", "3042.KL", "3069.KL", "3107.KL", "3115.KL", "3158.KL", "3174.KL", "3182.KL", "3204.KL", "3239.KL", "3247.KL", "3255.KL", "3298.KL", "3301.KL", "3336.KL", "3379.KL", "3395.KL", "3417.KL", "3441.KL", "3476.KL", "3484.KL", "3514.KL", "3522.KL", "3557.KL", "3565.KL", "3573.KL", "3581.KL", "3611.KL", "3662.KL", "3689.KL", "3719.KL", "3743.KL", "3778.KL", "3794.KL", "3816.KL", "3859.KL", "3867.KL", "3883.KL", "3891.KL", "3905.KL", "3913.KL", "3921.KL", "3948.KL", "4006.KL", "4022.KL", "4057.KL", "4065.KL", "4081.KL", "4162.KL", "4197.KL", "4219.KL", "4235.KL", "4243.KL", "4251.KL", "4286.KL", "4316.KL", "4324.KL", "4359.KL", "4375.KL", "4383.KL", "4405.KL", "4448.KL", "4456.KL", "4464.KL", "4502.KL", "4588.KL", "4596.KL", "4634.KL", "4677.KL", "4707.KL", "4715.KL", "4723.KL", "4731.KL", "4758.KL", "4847.KL", "4863.KL", "4898.KL", "4936.KL", "4944.KL", "4952.KL", "4995.KL", "5000.KL", "5001.KL", "5005.KL", "5006.KL", "5007.KL", "5008.KL", "5009.KL", "5010.KL", "5011.KL", "5012.KL", "5014.KL", "5015.KL", "5016.KL", "5018.KL", "5020.KL", "5021.KL", "5022.KL", "5024.KL", "5025.KL", "5026.KL", "5027.KL", "5028.KL", "5029.KL", "5031.KL", "5032.KL", "5035.KL", "5036.KL", "5037.KL", "5038.KL", "5040.KL", "5041.KL", "5042.KL", "5047.KL", "5048.KL", "5049.KL", "5053.KL", "5054.KL", "5056.KL", "5060.KL", "5062.KL", "5065.KL", "5066.KL", "5068.KL", "5069.KL", "5070.KL", "5071.KL", "5072.KL", "5073.KL", "5075.KL", "5077.KL", "5078.KL", "5079.KL", "5080.KL", "5081.KL", "5082.KL", "5084.KL", "5085.KL", "5087.KL", "5088.KL", "5090.KL", "5091.KL", "5092.KL", "5094.KL", "5095.KL", "5096.KL", "5098.KL", "5099.KL", "5100.KL", "5101.KL", "5102.KL", "5104.KL", "5105.KL", "5106.KL", "5107.KL", "5108.KL", "5109.KL", "5110.KL", "5111.KL", "5112.KL", "5113.KL", "5115.KL", "5116.KL", "5120.KL", "5121.KL", "5123.KL", "5125.KL", "5126.KL", "5127.KL", "5129.KL", "5130.KL", "5131.KL", "5132.KL", "5133.KL", "5134.KL", "5135.KL", "5136.KL", "5138.KL", "5139.KL", "5140.KL", "5141.KL", "5142.KL", "5143.KL", "5145.KL", "5146.KL", "5147.KL", "5148.KL", "5149.KL", "5150.KL", "5151.KL", "5152.KL", "5155.KL", "5156.KL", "5157.KL", "5158.KL", "5159.KL", "5160.KL", "5161.KL", "5162.KL", "5163.KL", "5165.KL", "5166.KL", "5167.KL", "5168.KL", "5169.KL", "5170.KL", "5171.KL", "5172.KL", "5173.KL", "5175.KL", "5176.KL", "5178.KL", "5180.KL", "5181.KL", "5182.KL", "5183.KL", "5184.KL", "5185.KL", "5186.KL", "5187.KL", "5188.KL", "5189.KL", "5190.KL", "5191.KL", "5192.KL", "5194.KL", "5195.KL", "5196.KL", "5197.KL", "5198.KL", "5199.KL", "5200.KL", "5201.KL", "5202.KL", "5204.KL", "5205.KL", "5207.KL", "5208.KL", "5209.KL", "5210.KL", "5211.KL", "5212.KL", "5213.KL", "5214.KL", "5216.KL", "5218.KL", "5219.KL", "5220.KL", "5222.KL", "5223.KL", "5225.KL", "5226.KL", "5227.KL", "5228.KL", "5229.KL", "5230.KL", "5231.KL", "5232.KL", "5234.KL", "5235.KL", "5236.KL", "5237.KL", "5238.KL", "5239.KL", "5241.KL", "5242.KL", "5243.KL", "5245.KL", "5246.KL", "5247.KL", "5248.KL", "5249.KL", "5250.KL", "5251.KL", "5252.KL", "5253.KL", "5254.KL", "5255.KL", "5256.KL", "5257.KL", "5258.KL", "5259.KL", "5260.KL", "5263.KL", "5264.KL", "5265.KL", "5267.KL", "5268.KL", "5274.KL", "5281.KL", "5347.KL", "5351.KL", "5355.KL", "5371.KL", "5398.KL", "5401.KL", "5436.KL", "5509.KL", "5517.KL", "5533.KL", "5568.KL", "5576.KL", "5584.KL", "5592.KL", "5601.KL", "5606.KL", "5614.KL", "5622.KL", "5649.KL", "5657.KL", "5665.KL", "5673.KL", "5681.KL", "5703.KL", "5711.KL", "5738.KL", "5754.KL", "5789.KL", "5797.KL", "5819.KL", "5827.KL", "5835.KL", "5843.KL", "5878.KL", "5886.KL", "5908.KL", "5916.KL", "5924.KL", "5932.KL", "5959.KL", "5983.KL", "6009.KL", "6012.KL", "6017.KL", "6025.KL", "6033.KL", "6041.KL", "6068.KL", "6076.KL", "6084.KL", "6114.KL", "6139.KL", "6149.KL", "6173.KL", "6181.KL", "6203.KL", "6211.KL", "6238.KL", "6254.KL", "6262.KL", "6297.KL", "6351.KL", "6378.KL", "6399.KL", "6432.KL", "6459.KL", "6483.KL", "6491.KL", "6501.KL", "6502.KL", "6511.KL", "6521.KL", "6548.KL", "6556.KL", "6572.KL", "6599.KL", "6602.KL", "6637.KL", "6645.KL", "6661.KL", "6688.KL", "6718.KL", "6742.KL", "6769.KL", "6807.KL", "6815.KL", "6874.KL", "6888.KL", "6904.KL", "6912.KL", "6939.KL", "6947.KL", "6963.KL", "6971.KL", "6998.KL", "7002.KL", "7003.KL", "7004.KL", "7005.KL", "7006.KL", "7007.KL", "7010.KL", "7013.KL", "7014.KL", "7016.KL", "7017.KL", "7018.KL", "7020.KL", "7022.KL", "7025.KL", "7027.KL", "7028.KL", "7029.KL", "7031.KL", "7033.KL", "7034.KL", "7035.KL", "7036.KL", "7043.KL", "7045.KL", "7047.KL", "7048.KL", "7050.KL", "7051.KL", "7052.KL", "7053.KL", "7054.KL", "7055.KL", "7059.KL", "7060.KL", "7061.KL", "7062.KL", "7066.KL", "7070.KL", "7071.KL", "7073.KL", "7076.KL", "7077.KL", "7078.KL", "7079.KL", "7080.KL", "7081.KL", "7082.KL", "7083.KL", "7084.KL", "7085.KL", "7086.KL", "7087.KL", "7088.KL", "7089.KL", "7090.KL", "7091.KL", "7094.KL", "7095.KL", "7096.KL", "7097.KL", "7099.KL", "7100.KL", "7103.KL", "7105.KL", "7106.KL", "7107.KL", "7108.KL", "7109.KL", "7110.KL", "7111.KL", "7113.KL", "7114.KL", "7115.KL", "7117.KL", "7119.KL", "7120.KL", "7121.KL", "7122.KL", "7123.KL", "7126.KL", "7128.KL", "7129.KL", "7130.KL", "7131.KL", 